1267709956978143232 49.0223678590 8.3945712825 112.7905197144 -2683.4251159122 -4.5802214528 112.7905197144 -0.0349920000 2.0814059215 0.6182583268 
1267709957082287616 49.0223748322 8.3945864709 112.8045196533 -2682.3085160498 -3.8139020987 112.8045196533 -0.0351940000 2.0842409215 0.6191543268 
1267709957187141376 49.0223824955 8.3946031630 112.8179397583 -2681.0813761350 -2.9717522133 112.8179397583 -0.0342700000 2.0866169215 0.6195263268 
1267709957291921920 49.0223894413 8.3946182641 112.8254089355 -2679.9711899479 -2.2084282758 112.8254089355 -0.0329540000 2.0873289215 0.6192083268 
1267709957398663424 49.0223970368 8.3946348719 112.8327026367 -2678.7502661348 -1.3737660944 112.8327026367 -0.0310030000 2.0860629215 0.6185733268 
1267709957503625728 49.0224039269 8.3946499259 112.8391265869 -2677.6435754807 -0.6166068045 112.8391265869 -0.0297090000 2.0857609215 0.6180433268 
1267709957608430592 49.0224114664 8.3946664484 112.8482360840 -2676.4289406080 0.2118874751 112.8482360840 -0.0304420000 2.0850469215 0.6176223268 
1267709957711541760 49.0224182907 8.3946813963 112.8554153442 -2675.3300615400 0.9617940541 112.8554153442 -0.0315820000 2.0850939215 0.6170843268 
1267709957816311040 49.0224257592 8.3946977855 112.8665695190 -2674.1252448740 1.7824670011 112.8665695190 -0.0327360000 2.0845709215 0.6162893268 
1267709957921132800 49.0224325276 8.3947125956 112.8751983643 -2673.0364896484 2.5262383921 112.8751983643 -0.0339850000 2.0840379215 0.6156783268 
1267709958026014208 49.0224399110 8.3947287955 112.8886032104 -2671.8455839244 3.3375660628 112.8886032104 -0.0340530000 2.0858949215 0.6151223268 
1267709958130833152 49.0224465837 8.3947434110 112.8983230591 -2670.7711380202 4.0708212573 112.8983230591 -0.0352470000 2.0877299215 0.6146793268 
1267709958235852288 49.0224538582 8.3947593746 112.9072418213 -2669.5976017375 4.8701839512 112.9072418213 -0.0367090000 2.0862749215 0.6145473268 
1267709958340647168 49.0224604172 8.3947737333 112.9145126343 -2668.5420358171 5.5909337560 112.9145126343 -0.0385430000 2.0845339215 0.6148553268 
1267709958445597184 49.0224675593 8.3947893784 112.9280242920 -2667.3919105106 6.3757706229 112.9280242920 -0.0395360000 2.0840709215 0.6152203268 
1267709958550590464 49.0224739782 8.3948034576 112.9402313232 -2666.3569005139 7.0811107606 112.9402313232 -0.0389980000 2.0852489215 0.6155353268 
1267709958655384320 49.0224810054 8.3948188165 112.9557571411 -2665.2277998569 7.8533326751 112.9557571411 -0.0409900000 2.0847109215 0.6155233268 
1267709958760541440 49.0224873355 8.3948326741 112.9667739868 -2664.2090677129 8.5489452099 112.9667739868 -0.0407150000 2.0832739215 0.6157573268 
1267709958865045504 49.0224942592 8.3948477699 112.9828872681 -2663.0992935554 9.3098150380 112.9828872681 -0.0401350000 2.0833539215 0.6154913268 
1267709958970134272 49.0225004976 8.3948613898 112.9944458008 -2662.0980259719 9.9953573802 112.9944458008 -0.0398300000 2.0833449215 0.6141933268 
1267709959074813184 49.0225072889 8.3948763022 113.0099945068 -2661.0017719766 10.7416244531 113.0099945068 -0.0363900000 2.0861239215 0.6119073268 
1267709959179981824 49.0225134322 8.3948898001 113.0196609497 -2660.0095082697 11.4166689301 113.0196609497 -0.0349930000 2.0883079215 0.6095063268 
1267709959284658432 49.0225201421 8.3949046746 113.0285644531 -2658.9161080763 12.1539072795 113.0285644531 -0.0322490000 2.0881759215 0.6067293268 
1267709959389826816 49.0225262310 8.3949181787 113.0297317505 -2657.9234381004 12.8229110492 113.0297317505 -0.0299820000 2.0872519215 0.6035293268 
1267709959494924288 49.0225328782 8.3949330673 113.0309524536 -2656.8290569567 13.5531633999 113.0309524536 -0.0274690000 2.0872709215 0.5995303268 
1267709959599505152 49.0225388515 8.3949465757 113.0310134888 -2655.8361733219 14.2093146238 113.0310134888 -0.0258040000 2.0874089215 0.5954623268 
1267709959704379392 49.0225453800 8.3949613984 113.0338592529 -2654.7467147128 14.9264113903 113.0338592529 -0.0248240000 2.0868969215 0.5912273268 
1267709959809159168 49.0225512515 8.3949747999 113.0383377075 -2653.7617455673 15.5713072019 113.0383377075 -0.0251830000 2.0870309215 0.5878703268 
1267709959914397952 49.0225576676 8.3949895124 113.0433731079 -2652.6804454444 16.2759709945 113.0433731079 -0.0268500000 2.0866139215 0.5850203268 
1267709960019148544 49.0225634504 8.3950028870 113.0462646484 -2651.6975137421 16.9110154975 113.0462646484 -0.0292160000 2.0859629215 0.5830053268 
1267709960123962880 49.0225697158 8.3950175560 113.0526275635 -2650.6195305826 17.5989640579 113.0526275635 -0.0310540000 2.0862819215 0.5817203268 
1267709960228939264 49.0225753821 8.3950308284 113.0530166626 -2649.6441732247 18.2211232698 113.0530166626 -0.0320830000 2.0877969215 0.5810223268 
1267709960333768704 49.0225810081 8.3950440350 113.0524902344 -2648.6736734411 18.8388349367 113.0524902344 -0.0325630000 2.0893799215 0.5806563268 
1267709960438857728 49.0225871539 8.3950584866 113.0501251221 -2647.6116858967 19.5136162182 113.0501251221 -0.0322160000 2.0891179215 0.5805303268 
1267709960543716864 49.0225927125 8.3950715764 113.0482330322 -2646.6497791779 20.1238994775 113.0482330322 -0.0317310000 2.0883829215 0.5806343268 
1267709960648543744 49.0225987803 8.3950858848 113.0478439331 -2645.5983338219 20.7900882382 113.0478439331 -0.0307100000 2.0882819215 0.5806443268 
1267709960753140992 49.0226042765 8.3950988134 113.0476226807 -2644.6482687288 21.3935460309 113.0476226807 -0.0290750000 2.0886829215 0.5808443268 
1267709960858160640 49.0226103040 8.3951129553 113.0462265015 -2643.6090250042 22.0553505486 113.0462265015 -0.0286950000 2.0877389215 0.5808033268 
1267709960963136512 49.0226157309 8.3951257217 113.0434112549 -2642.6708828724 22.6511842245 113.0434112549 -0.0280210000 2.0868119215 0.5806613268 
1267709961068091904 49.0226216784 8.3951396882 113.0439605713 -2641.6445357826 23.3042077692 113.0439605713 -0.0268550000 2.0868129215 0.5804003268 
1267709961173221376 49.0226270472 8.3951523198 113.0416336060 -2640.7162952701 23.8936641216 113.0416336060 -0.0257470000 2.0865189215 0.5802323268 
1267709961276890880 49.0226329198 8.3951661178 113.0394363403 -2639.7023436519 24.5384539841 113.0394363403 -0.0246670000 2.0868319215 0.5799663268 
1267709961382839040 49.0226382296 8.3951785391 113.0399475098 -2638.7895323064 25.1214757506 113.0399475098 -0.0241320000 2.0867939215 0.5794833268 
1267709961488228352 49.0226440339 8.3951921519 113.0399780273 -2637.7891685679 25.7587756542 113.0399780273 -0.0236150000 2.0856149215 0.5789903268 
1267709961593420032 49.0226492542 8.3952044572 113.0412673950 -2636.8849189384 26.3319199625 113.0412673950 -0.0244950000 2.0852679215 0.5786813268 
1267709961698175232 49.0226549606 8.3952179872 113.0386352539 -2635.8907012831 26.9583957782 113.0386352539 -0.0270720000 2.0863249215 0.5784253268 
1267709961803128064 49.0226600977 8.3952301581 113.0398635864 -2634.9963504680 27.5223634318 113.0398635864 -0.0293950000 2.0875209215 0.5783443268 
1267709961907998976 49.0226657254 8.3952434116 113.0433502197 -2634.0224183911 28.1402413053 113.0433502197 -0.0316320000 2.0882549215 0.5782743268 
1267709962013128960 49.0226707935 8.3952554124 113.0444259644 -2633.1405695817 28.6966492925 113.0444259644 -0.0329400000 2.0881649215 0.5784023268 
1267709962117052672 49.0226763523 8.3952685574 113.0427398682 -2632.1746294568 29.3069282798 113.0427398682 -0.0338600000 2.0878749215 0.5783963268 
1267709962223469568 49.0226813672 8.3952804531 113.0391387939 -2631.3005053867 29.8574802531 113.0391387939 -0.0330050000 2.0880909215 0.5781733268 
1267709962328256256 49.0226868566 8.3952934668 113.0369110107 -2630.3442296580 30.4601256512 113.0369110107 -0.0307350000 2.0887189215 0.5777623268 
1267709962433400832 49.0226918361 8.3953052750 113.0321121216 -2629.4765369328 31.0068023717 113.0321121216 -0.0301600000 2.0877229215 0.5773253268 
1267709962537997568 49.0226972998 8.3953182370 113.0307083130 -2628.5240613187 31.6066215485 113.0307083130 -0.0277350000 2.0861979215 0.5765143268 
1267709962643261184 49.0227022528 8.3953299473 113.0296325684 -2627.6635510414 32.1503975978 113.0296325684 -0.0268420000 2.0849049215 0.5751073268 
1267709962748238592 49.0227076051 8.3953427542 113.0344467163 -2626.7225092452 32.7379255118 113.0344467163 -0.0253400000 2.0855249215 0.5738073268 
1267709962853621760 49.0227129390 8.3953554799 113.0378189087 -2625.7874311893 33.3234540178 113.0378189087 -0.0271510000 2.0873259215 0.5725193268 
1267709962958480896 49.0227177579 8.3953670364 113.0381088257 -2624.9382809801 33.8524119863 113.0381088257 -0.0269310000 2.0886819215 0.5713893268 
1267709963063428096 49.0227225538 8.3953785621 113.0381698608 -2624.0914061103 34.3788352255 113.0381698608 -0.0289550000 2.0889329215 0.5700293268 
1267709963168197632 49.0227277608 8.3953911804 113.0408782959 -2623.1642812520 34.9503155872 113.0408782959 -0.0294510000 2.0872929215 0.5693963268 
1267709963273345792 49.0227324999 8.3954026080 113.0421829224 -2622.3246309084 35.4704831317 113.0421829224 -0.0293060000 2.0843459215 0.5686293268 
1267709963377975040 49.0227376780 8.3954151397 113.0417938232 -2621.4038654368 36.0388135174 113.0417938232 -0.0306700000 2.0818579215 0.5681233268 
1267709963483219712 49.0227423776 8.3954265163 113.0447540283 -2620.5679757579 36.5546189109 113.0447540283 -0.0316540000 2.0815249215 0.5676763268 
1267709963588471808 49.0227475223 8.3954389891 113.0500869751 -2619.6515560694 37.1192590948 113.0500869751 -0.0323460000 2.0837119215 0.5675453268 
1267709963693189120 49.0227521870 8.3954502791 113.0541000366 -2618.8220244420 37.6312337024 113.0541000366 -0.0377780000 2.0861749215 0.5676223268 
1267709963798036480 49.0227572879 8.3954626862 113.0566329956 -2617.9104386732 38.1910509253 113.0566329956 -0.0412840000 2.0880379215 0.5684533268 
1267709963903016960 49.0227619361 8.3954739372 113.0542297363 -2617.0837797233 38.7012158344 113.0542297363 -0.0451330000 2.0856029215 0.5692963268 
1267709964008118784 49.0227670078 8.3954862698 113.0535583496 -2616.1776715167 39.2578292452 113.0535583496 -0.0466180000 2.0826719215 0.5699223268 
1267709964113016064 49.0227715997 8.3954974105 113.0579452515 -2615.3591263076 39.7617935482 113.0579452515 -0.0459080000 2.0832439215 0.5700473268 
1267709964218146816 49.0227766285 8.3955096050 113.0640182495 -2614.4631486032 40.3137234254 113.0640182495 -0.0432580000 2.0858379215 0.5701513268 
1267709964323466240 49.0227816830 8.3955217531 113.0665130615 -2613.5705383105 40.8685261160 113.0665130615 -0.0404390000 2.0856129215 0.5698183268 
1267709964428343808 49.0227862818 8.3955327708 113.0642776489 -2612.7609820486 41.3733425103 113.0642776489 -0.0386890000 2.0824679215 0.5695153268 
1267709964533641472 49.0227912803 8.3955448498 113.0697479248 -2611.8734725878 41.9219624940 113.0697479248 -0.0372110000 2.0796489215 0.5693503268 
1267709964639445248 49.0227957956 8.3955557548 113.0787963867 -2611.0722265650 42.4175554849 113.0787963867 -0.0360180000 2.0804639215 0.5692723268 
1267709964743791616 49.0228007495 8.3955676700 113.0905609131 -2610.1967390336 42.9613134153 113.0905609131 -0.0353700000 2.0840949215 0.5694563268 
1267709964849093632 49.0228052116 8.3955784617 113.0987930298 -2609.4038267510 43.4510552632 113.0987930298 -0.0341540000 2.0864189215 0.5697553268 
1267709964954115328 49.0228101086 8.3955903014 113.1056365967 -2608.5339025586 43.9885400599 113.1056365967 -0.0340710000 2.0867659215 0.5700493268 
1267709965059183360 49.0228145484 8.3956010148 113.1095352173 -2607.7467331167 44.4758464461 113.1095352173 -0.0336940000 2.0864769215 0.5705733268 
1267709965163926016 49.0228193996 8.3956127052 113.1148910522 -2606.8877679140 45.0083299093 113.1148910522 -0.0339950000 2.0863189215 0.5714353268 
1267709965269481984 49.0228237685 8.3956232440 113.1204986572 -2606.1134224071 45.4878616352 113.1204986572 -0.0341630000 2.0865699215 0.5723973268 
1267709965373743104 49.0228285305 8.3956347321 113.1292648315 -2605.2693330963 46.0105413934 113.1292648315 -0.0350770000 2.0860009215 0.5733223268 
1267709965479083008 49.0228328214 8.3956450762 113.1352539062 -2604.5092890147 46.4815087970 113.1352539062 -0.0360970000 2.0853019215 0.5734763268 
1267709965583435264 49.0228374622 8.3956563385 113.1464920044 -2603.6818110072 46.9908456868 113.1464920044 -0.0366430000 2.0843269215 0.5730583268 
1267709965688670208 49.0228416845 8.3956664948 113.1565780640 -2602.9355593437 47.4543118281 113.1565780640 -0.0369160000 2.0847629215 0.5723873268 
1267709965793857536 49.0228463003 8.3956775844 113.1687698364 -2602.1207297323 47.9609689312 113.1687698364 -0.0383070000 2.0844159215 0.5718883268 
1267709965898952448 49.0228504513 8.3956876144 113.1766586304 -2601.3837822021 48.4165697321 113.1766586304 -0.0384420000 2.0845799215 0.5713903268 
1267709966002704384 49.0228545845 8.3956975831 113.1823730469 -2600.6513234426 48.8702292582 113.1823730469 -0.0387960000 2.0843179215 0.5708463268 
1267709966108915456 49.0228590703 8.3957084480 113.1901245117 -2599.8530348252 49.3625705503 113.1901245117 -0.0392670000 2.0854969215 0.5703773268 
1267709966213922816 49.0228635053 8.3957192237 113.1967849731 -2599.0613136925 49.8493117439 113.1967849731 -0.0390600000 2.0866609215 0.5696913268 
1267709966318980096 49.0228675016 8.3957288879 113.2025146484 -2598.3512405343 50.2879388602 113.2025146484 -0.0389760000 2.0868379215 0.5689853268 
1267709966424083712 49.0228718371 8.3957393790 113.2078475952 -2597.5804203167 50.7637897357 113.2078475952 -0.0385320000 2.0854209215 0.5683353268 
1267709966529593344 49.0228757342 8.3957487817 113.2152633667 -2596.8895537979 51.1915325448 113.2152633667 -0.0386360000 2.0838919215 0.5676293268 
1267709966634174976 49.0228799328 8.3957589752 113.2283935547 -2596.1406018196 51.6523320507 113.2283935547 -0.0382470000 2.0837299215 0.5669643268 
1267709966739405312 49.0228836931 8.3957681330 113.2396774292 -2595.4677610110 52.0650140932 113.2396774292 -0.0380980000 2.0839249215 0.5663083268 
1267709966844446208 49.0228877626 8.3957780509 113.2549362183 -2594.7390767410 52.5116327228 113.2549362183 -0.0373970000 2.0855649215 0.5658663268 
1267709966949216512 49.0228914342 8.3957869440 113.2647476196 -2594.0856702316 52.9146059211 113.2647476196 -0.0367940000 2.0859469215 0.5652973268 
1267709967054332160 49.0228954161 8.3957966167 113.2766265869 -2593.3749891445 53.3516190900 113.2766265869 -0.0361260000 2.0861659215 0.5645953268 
1267709967159536640 49.0228989661 8.3958052766 113.2853927612 -2592.7387325067 53.7412204817 113.2853927612 -0.0355820000 2.0870629215 0.5638163268 
1267709967264541952 49.0229028012 8.3958146562 113.2964019775 -2592.0496096661 54.1620872095 113.2964019775 -0.0357680000 2.0873349215 0.5624493268 
1267709967369656320 49.0229062260 8.3958230482 113.3064727783 -2591.4330556211 54.5379167236 113.3064727783 -0.0350310000 2.0870979215 0.5612783268 
1267709967474922496 49.0229099371 8.3958321214 113.3184051514 -2590.7664416232 54.9451879505 113.3184051514 -0.0357520000 2.0856699215 0.5596783268 
1267709967580252416 49.0229132423 8.3958402284 113.3254089355 -2590.1708267400 55.3078882331 113.3254089355 -0.0365700000 2.0846239215 0.5581913268 
1267709967685168640 49.0229167893 8.3958489915 113.3366622925 -2589.5270344874 55.6970881587 113.3366622925 -0.0363310000 2.0854009215 0.5568403268 
1267709967790357760 49.0229199516 8.3958568188 113.3464889526 -2588.9519944302 56.0440658387 113.3464889526 -0.0358030000 2.0873649215 0.5555783268 
1267709967895326208 49.0229233410 8.3958652773 113.3567123413 -2588.3306102994 56.4159227014 113.3567123413 -0.0365580000 2.0898199215 0.5543843268 
1267709968000658944 49.0229263524 8.3958728418 113.3644638062 -2587.7749107848 56.7462896267 113.3644638062 -0.0372080000 2.0908469215 0.5532663268 
1267709968105548544 49.0229296040 8.3958810734 113.3686752319 -2587.1702350597 57.1029635658 113.3686752319 -0.0370730000 2.0887489215 0.5517443268 
1267709968210595072 49.0229325079 8.3958884427 113.3692550659 -2586.6289124048 57.4214785052 113.3692550659 -0.0359800000 2.0863659215 0.5504093268 
1267709968315920896 49.0229356568 8.3958964269 113.3714065552 -2586.0424091248 57.7668830184 113.3714065552 -0.0358680000 2.0845619215 0.5492523268 
1267709968420599808 49.0229384708 8.3959035613 113.3716354370 -2585.5183398698 58.0755488668 113.3716354370 -0.0363650000 2.0841879215 0.5486093268 
1267709968524718592 49.0229414676 8.3959113137 113.3809814453 -2584.9489224104 58.4041797193 113.3809814453 -0.0370200000 2.0849449215 0.5480953268 
1267709968631153664 49.0229441418 8.3959182418 113.3879623413 -2584.4400534228 58.6974232411 113.3879623413 -0.0372870000 2.0864129215 0.5481203268 
1267709968735882496 49.0229470184 8.3959257248 113.3926162720 -2583.8904368180 59.0128416847 113.3926162720 -0.0374860000 2.0875549215 0.5482283268 
1267709968840937728 49.0229496275 8.3959324273 113.3940277100 -2583.3981202555 59.2989802836 113.3940277100 -0.0376550000 2.0874889215 0.5483863268 
1267709968945833216 49.0229524496 8.3959396885 113.3936538696 -2582.8647642800 59.6084741605 113.3936538696 -0.0373070000 2.0870699215 0.5484283268 
1267709969051136768 49.0229549904 8.3959461768 113.3983840942 -2582.3881676223 59.8871428398 113.3983840942 -0.0371110000 2.0866499215 0.5483963268 
1267709969156525568 49.0229577647 8.3959532115 113.4015960693 -2581.8714219132 60.1914574625 113.4015960693 -0.0372130000 2.0858529215 0.5485113268 
1267709969261205760 49.0229602373 8.3959594829 113.4046096802 -2581.4107429074 60.4626729665 113.4046096802 -0.0373560000 2.0856449215 0.5487373268 
1267709969366651648 49.0229629212 8.3959662504 113.4059906006 -2580.9136034423 60.7570877830 113.4059906006 -0.0377750000 2.0850849215 0.5489063268 
1267709969472384768 49.0229653175 8.3959722856 113.4080963135 -2580.4702591652 61.0199607946 113.4080963135 -0.0378740000 2.0840469215 0.5489613268 
1267709969576863744 49.0229679045 8.3959788093 113.4113159180 -2579.9910373787 61.3037484949 113.4113159180 -0.0382210000 2.0835159215 0.5490243268 
1267709969681781760 49.0229702051 8.3959846461 113.4146270752 -2579.5622833250 61.5561065841 113.4146270752 -0.0382230000 2.0837279215 0.5493933268 
1267709969786680832 49.0229727013 8.3959909523 113.4192810059 -2579.0990346594 61.8299257429 113.4192810059 -0.0382860000 2.0834989215 0.5494893268 
1267709969891637504 49.0229749180 8.3959965455 113.4258956909 -2578.6881636181 62.0730874753 113.4258956909 -0.0390160000 2.0829149215 0.5494623268 
1267709969996758784 49.0229772813 8.3960026004 113.4334793091 -2578.2434097326 62.3322738865 113.4334793091 -0.0394650000 2.0835499215 0.5497373268 
1267709970101642496 49.0229794150 8.3960080112 113.4356079102 -2577.8459508402 62.5663241791 113.4356079102 -0.0399740000 2.0840519215 0.5497583268 
1267709970206784256 49.0229817027 8.3960138496 113.4368057251 -2577.4170881969 62.8172378894 113.4368057251 -0.0407280000 2.0831469215 0.5498293268 
1267709970312884480 49.0229839482 8.3960195452 113.4355239868 -2576.9987099610 63.0635465877 113.4355239868 -0.0418620000 2.0823219215 0.5496813268 
1267709970417575680 49.0229859238 8.3960245843 113.4352722168 -2576.6285618930 63.2802288095 113.4352722168 -0.0416420000 2.0830849215 0.5497533268 
1267709970522096896 49.0229880469 8.3960299824 113.4406967163 -2576.2320328733 63.5130975172 113.4406967163 -0.0419680000 2.0849849215 0.5499883268 
1267709970626035968 49.0229898808 8.3960347416 113.4435806274 -2575.8824744801 63.7141947038 113.4435806274 -0.0421670000 2.0859069215 0.5499243268 
1267709970732204288 49.0229918708 8.3960397864 113.4479293823 -2575.5118977792 63.9324766500 113.4479293823 -0.0420690000 2.0867629215 0.5496743268 
1267709970837093888 49.0229935824 8.3960441710 113.4534530640 -2575.1898334678 64.1201964309 113.4534530640 -0.0415420000 2.0885029215 0.5492463268 
1267709970942449920 49.0229953880 8.3960487823 113.4590072632 -2574.8511147983 64.3182372581 113.4590072632 -0.0421970000 2.0902609215 0.5489513268 
1267709971047416064 49.0229969010 8.3960528195 113.4665298462 -2574.5546183126 64.4840767048 113.4665298462 -0.0438190000 2.0906809215 0.5488093268 
1267709971152559360 49.0229985076 8.3960569881 113.4723129272 -2574.2484411138 64.6602506153 113.4723129272 -0.0454280000 2.0908179215 0.5483773268 
1267709971257510400 49.0229998499 8.3960605875 113.4817733765 -2573.9841040077 64.8073718641 113.4817733765 -0.0457080000 2.0900109215 0.5479183268 
1267709971363161344 49.0230012940 8.3960643323 113.4891357422 -2573.7090513483 64.9657340460 113.4891357422 -0.0453210000 2.0890159215 0.5477773268 
1267709971468267776 49.0230025256 8.3960675341 113.4996948242 -2573.4738849783 65.1007811073 113.4996948242 -0.0447490000 2.0891189215 0.5475593268 
1267709971572879616 49.0230038002 8.3960708800 113.5057373047 -2573.2281451841 65.2405211572 113.5057373047 -0.0448650000 2.0883979215 0.5471893268 
1267709971677976832 49.0230048737 8.3960737287 113.5101547241 -2573.0189290807 65.3581967009 113.5101547241 -0.0450800000 2.0877079215 0.5470543268 
1267709971783067392 49.0230059961 8.3960766266 113.5143508911 -2572.8060776911 65.4812846258 113.5143508911 -0.0452460000 2.0870999215 0.5467863268 
1267709971888174080 49.0230069012 8.3960791018 113.5231857300 -2572.6243173285 65.5804613102 113.5231857300 -0.0450190000 2.0864709215 0.5467753268 
1267709971993188096 49.0230078293 8.3960816040 113.5302047729 -2572.4405695232 65.6821737774 113.5302047729 -0.0454280000 2.0871229215 0.5466693268 
1267709972098301184 49.0230085821 8.3960837209 113.5365142822 -2572.2851425359 65.7646281682 113.5365142822 -0.0458990000 2.0877339215 0.5466203268 
1267709972203259136 49.0230093576 8.3960858113 113.5388488770 -2572.1316280341 65.8496162780 113.5388488770 -0.0467190000 2.0877419215 0.5465983268 
1267709972308628736 49.0230099525 8.3960875348 113.5422134399 -2572.0050969303 65.9147534128 113.5422134399 -0.0469230000 2.0879899215 0.5464223268 
1267709972413650944 49.0230105713 8.3960892269 113.5424041748 -2571.8808436092 65.9825566495 113.5424041748 -0.0469100000 2.0879699215 0.5463113268 
1267709972518841600 49.0230110607 8.3960906212 113.5459365845 -2571.7784771326 66.0361488722 113.5459365845 -0.0466600000 2.0881089215 0.5464603268 
1267709972623403520 49.0230115376 8.3960919442 113.5476379395 -2571.6813315203 66.0883908542 113.5476379395 -0.0465010000 2.0879719215 0.5463433268 
1267709972728851968 49.0230119287 8.3960930443 113.5481414795 -2571.6005590577 66.1312272586 113.5481414795 -0.0466290000 2.0871969215 0.5462623268 
1267709972833779200 49.0230123423 8.3960941770 113.5476379395 -2571.5173891652 66.1765525304 113.5476379395 -0.0468280000 2.0862469215 0.5462773268 
1267709972938659584 49.0230126809 8.3960951495 113.5485458374 -2571.4459857318 66.2136280499 113.5485458374 -0.0471280000 2.0856639215 0.5460913268 
1267709973043837440 49.0230130206 8.3960961196 113.5528793335 -2571.3747635916 66.2508245138 113.5528793335 -0.0468550000 2.0854929215 0.5459483268 
1267709973148792576 49.0230132759 8.3960969423 113.5594940186 -2571.3143903377 66.2787213735 113.5594940186 -0.0465090000 2.0852909215 0.5459803268 
1267709973254146048 49.0230135777 8.3960977805 113.5607223511 -2571.2528472828 66.3117804080 113.5607223511 -0.0460690000 2.0849359215 0.5460493268 
1267709973358978816 49.0230138474 8.3960984959 113.5607299805 -2571.2003093087 66.3413462099 113.5607299805 -0.0460290000 2.0847399215 0.5461213268 
1267709973463930112 49.0230141109 8.3960992175 113.5635452271 -2571.1473174896 66.3702191701 113.5635452271 -0.0460730000 2.0846789215 0.5461633268 
1267709973569528064 49.0230143099 8.3960998503 113.5749816895 -2571.1008831737 66.3919710917 113.5749816895 -0.0464100000 2.0844399215 0.5461223268 
1267709973674309888 49.0230145427 8.3961005330 113.5836257935 -2571.0507649605 66.4174538022 113.5836257935 -0.0466710000 2.0839539215 0.5461623268 
1267709973779266304 49.0230147612 8.3961011550 113.5956420898 -2571.0050945387 66.4413856259 113.5956420898 -0.0469140000 2.0838219215 0.5460223268 
1267709973884369664 49.0230149820 8.3961018088 113.6034011841 -2570.9571000409 66.4655505074 113.6034011841 -0.0470800000 2.0839989215 0.5460513268 
1267709973989568512 49.0230151503 8.3961023945 113.6139602661 -2570.9141334611 66.4839150375 113.6139602661 -0.0473500000 2.0841679215 0.5460073268 
1267709974094338048 49.0230153438 8.3961029991 113.6219024658 -2570.8697618989 66.5050811702 113.6219024658 -0.0475720000 2.0841199215 0.5459923268 
1267709974199443712 49.0230154875 8.3961034881 113.6314849854 -2570.8338843876 66.5207677344 113.6314849854 -0.0477070000 2.0841319215 0.5458793268 
1267709974304623104 49.0230156638 8.3961039670 113.6383056641 -2570.7987211388 66.5400837511 113.6383056641 -0.0477120000 2.0843149215 0.5458613268 
1267709974409502976 49.0230157979 8.3961043103 113.6459579468 -2570.7735036492 66.5547955679 113.6459579468 -0.0475320000 2.0844059215 0.5458483268 
1267709974514576640 49.0230158763 8.3961045860 113.6543502808 -2570.7532725113 66.5633505164 113.6543502808 -0.0475100000 2.0845829215 0.5457863268 
1267709974619457280 49.0230158792 8.3961047235 113.6640777588 -2570.7432196966 66.5635935366 113.6640777588 -0.0476300000 2.0846499215 0.5457593268 
1267709974725102336 49.0230158428 8.3961047488 113.6716003418 -2570.7414041968 66.5595268169 113.6716003418 -0.0476650000 2.0847019215 0.5457143268 
1267709974830602240 49.0230157644 8.3961046725 113.6818161011 -2570.7470540058 66.5508631235 113.6818161011 -0.0476770000 2.0843679215 0.5457773268 
1267709974934988288 49.0230157175 8.3961046347 113.6880645752 -2570.7498593537 66.5456683068 113.6880645752 -0.0476750000 2.0834889215 0.5458493268 
1267709975040861952 49.0230156708 8.3961046534 113.6989669800 -2570.7485326679 66.5404623514 113.6989669800 -0.0478160000 2.0831909215 0.5458513268 
1267709975144857600 49.0230156269 8.3961046554 113.7073135376 -2570.7484250288 66.5355843203 113.7073135376 -0.0477910000 2.0837839215 0.5458073268 
1267709975250181632 49.0230155974 8.3961046661 113.7155456543 -2570.7476686435 66.5323003251 113.7155456543 -0.0478020000 2.0833089215 0.5459563268 
1267709975355316992 49.0230155757 8.3961046812 113.7207336426 -2570.7465811810 66.5298737586 113.7207336426 -0.0478300000 2.0830229215 0.5459183268 
1267709975459739136 49.0230155662 8.3961047093 113.7273254395 -2570.7445372103 66.5288052876 113.7273254395 -0.0477880000 2.0834999215 0.5459333268 
1267709975565061120 49.0230155505 8.3961047155 113.7320938110 -2570.7440985810 66.5270567872 113.7320938110 -0.0478010000 2.0832699215 0.5459813268 
1267709975670015488 49.0230155294 8.3961047207 113.7392120361 -2570.7437351547 66.5247126026 113.7392120361 -0.0478020000 2.0831309215 0.5459713268 
1267709975775099648 49.0230155057 8.3961047373 113.7461090088 -2570.7425425300 66.5220670942 113.7461090088 -0.0477690000 2.0833299215 0.5459863268 
1267709975880126464 49.0230154757 8.3961047586 113.7536926270 -2570.7410114020 66.5187149961 113.7536926270 -0.0478330000 2.0833079215 0.5460363268 
1267709975985100032 49.0230154462 8.3961047641 113.7587203979 -2570.7406377144 66.5154297231 113.7587203979 -0.0477820000 2.0832229215 0.5460943268 
1267709976090583296 49.0230154068 8.3961047810 113.7662429810 -2570.7394364992 66.5110490080 113.7662429810 -0.0477660000 2.0831539215 0.5460793268 
1267709976195180544 49.0230153695 8.3961047968 113.7722167969 -2570.7383164070 66.5068836994 113.7722167969 -0.0478200000 2.0833429215 0.5460823268 
1267709976300342784 49.0230153111 8.3961048291 113.7784576416 -2570.7360029289 66.5003795344 113.7784576416 -0.0478190000 2.0832589215 0.5460443268 
1267709976404655872 49.0230152596 8.3961048422 113.7819213867 -2570.7350933643 66.4946414502 113.7819213867 -0.0478480000 2.0831099215 0.5460973268 
1267709976510331136 49.0230151783 8.3961048821 113.7868957520 -2570.7322472860 66.4855821282 113.7868957520 -0.0478910000 2.0832589215 0.5459763268 
1267709976615842816 49.0230151295 8.3961049008 113.7875518799 -2570.7309221101 66.4801506521 113.7875518799 -0.0478420000 2.0832029215 0.5459453268 
1267709976721276160 49.0230150836 8.3961049300 113.7891998291 -2570.7288294174 66.4750282830 113.7891998291 -0.0479320000 2.0831869215 0.5459713268 
1267709976825481728 49.0230150466 8.3961049463 113.7918319702 -2570.7276714229 66.4709060369 113.7918319702 -0.0479170000 2.0831559215 0.5458633268 
1267709976930563840 49.0230149997 8.3961049824 113.7969665527 -2570.7250717306 66.4656756250 113.7969665527 -0.0478950000 2.0831689215 0.5459043268 
1267709977034806528 49.0230149447 8.3961050116 113.8032989502 -2570.7229853736 66.4595359070 113.8032989502 -0.0479610000 2.0831089215 0.5458463268 
1267709977140751872 49.0230148605 8.3961050394 113.8098449707 -2570.7210266400 66.4501637351 113.8098449707 -0.0479840000 2.0832009215 0.5457663268 
1267709977246091776 49.0230148110 8.3961050472 113.8137664795 -2570.7205038235 66.4446606347 113.8137664795 -0.0479910000 2.0832229215 0.5457583268 
1267709977350892800 49.0230147630 8.3961050545 113.8181304932 -2570.7200092028 66.4393210504 113.8181304932 -0.0479630000 2.0831839215 0.5457273268 
1267709977454616832 49.0230147254 8.3961050510 113.8228836060 -2570.7202991474 66.4351400658 113.8228836060 -0.0480580000 2.0831949215 0.5457143268 
1267709977560823040 49.0230146793 8.3961050566 113.8330307007 -2570.7199299170 66.4300078228 113.8330307007 -0.0480320000 2.0831569215 0.5456743268 
1267709977666114304 49.0230146506 8.3961050475 113.8393630981 -2570.7206196899 66.4268252179 113.8393630981 -0.0480060000 2.0831979215 0.5456553268 
1267709977771202304 49.0230146366 8.3961050427 113.8463058472 -2570.7209836043 66.4252767488 113.8463058472 -0.0480410000 2.0831879215 0.5456813268 
1267709977876277760 49.0230146442 8.3961050343 113.8495101929 -2570.7215937629 66.4261247069 113.8495101929 -0.0480100000 2.0831539215 0.5456523268 
1267709977981202688 49.0230146457 8.3961050239 113.8546524048 -2570.7223501878 66.4262915608 113.8546524048 -0.0480710000 2.0832159215 0.5455683268 
1267709978086520576 49.0230145967 8.3961050165 113.8639144897 -2570.7229332493 66.4208538393 113.8639144897 -0.0480200000 2.0831239215 0.5455583268 
1267709978191381504 49.0230145556 8.3961050145 113.8762054443 -2570.7231181557 66.4162829695 113.8762054443 -0.0480380000 2.0831599215 0.5453873268 
1267709978297508608 49.0230145430 8.3961050098 113.8845367432 -2570.7234721789 66.4148911871 113.8845367432 -0.0480430000 2.0831959215 0.5453983268 
1267709978401606912 49.0230145347 8.3961050094 113.8913040161 -2570.7235071593 66.4139603199 113.8913040161 -0.0480600000 2.0832499215 0.5453573268 
1267709978506476544 49.0230145076 8.3961049939 113.9005889893 -2570.7246662686 66.4109574985 113.9005889893 -0.0480160000 2.0832159215 0.5453343268 
1267709978611714048 49.0230144759 8.3961049667 113.9129257202 -2570.7266836941 66.4074474499 113.9129257202 -0.0480200000 2.0832719215 0.5453313268 
1267709978717210624 49.0230144580 8.3961049404 113.9221954346 -2570.7286192350 66.4054781906 113.9221954346 -0.0480770000 2.0832899215 0.5453393268 
1267709978824555520 49.0230144362 8.3961049076 113.9333343506 -2570.7310398231 66.4030694859 113.9333343506 -0.0480720000 2.0832639215 0.5452333268 
1267709978927078144 49.0230144254 8.3961048783 113.9400863647 -2570.7331863727 66.4018856166 113.9400863647 -0.0480150000 2.0833359215 0.5452933268 
1267709979031913472 49.0230144038 8.3961048148 113.9513397217 -2570.7378535579 66.3995242137 113.9513397217 -0.0480280000 2.0832429215 0.5452533268 
1267709979139380992 49.0230143624 8.3961047701 113.9606170654 -2570.7411522036 66.3949533999 113.9606170654 -0.0480560000 2.0832729215 0.5453263268 
1267709979241902848 49.0230143293 8.3961047154 113.9729232788 -2570.7451817967 66.3913029786 113.9729232788 -0.0480810000 2.0833349215 0.5452803268 
1267709979347291392 49.0230143136 8.3961046720 113.9821014404 -2570.7483723512 66.3895806046 113.9821014404 -0.0480270000 2.0832729215 0.5452433268 
1267709979452157952 49.0230142899 8.3961046152 113.9933395386 -2570.7525473291 66.3869846249 113.9933395386 -0.0480620000 2.0832989215 0.5452613268 
1267709979557884416 49.0230142686 8.3961045602 114.0026473999 -2570.7565806683 66.3846425125 114.0026473999 -0.0480200000 2.0832939215 0.5452383268 
1267709979662741248 49.0230142517 8.3961045116 114.0149383545 -2570.7601545483 66.3827968640 114.0149383545 -0.0480990000 2.0833399215 0.5450923268 
1267709979767468544 49.0230142343 8.3961044870 114.0242614746 -2570.7619664096 66.3808769416 114.0242614746 -0.0479940000 2.0832439215 0.5452203268 
1267709979872789248 49.0230142184 8.3961044564 114.0365829468 -2570.7642146916 66.3791222274 114.0365829468 -0.0480020000 2.0833059215 0.5451263268 
1267709979977787648 49.0230141972 8.3961044250 114.0457382202 -2570.7665335013 66.3767866837 114.0457382202 -0.0480700000 2.0833169215 0.5450563268 
1267709980082509312 49.0230141393 8.3961043837 114.0581130981 -2570.7696028348 66.3703782223 114.0581130981 -0.0480390000 2.0832889215 0.5449213268 
1267709980188118784 49.0230141044 8.3961043468 114.0674057007 -2570.7723280273 66.3665155703 114.0674057007 -0.0480810000 2.0833159215 0.5448983268 
1267709980292916224 49.0230140663 8.3961043106 114.0797729492 -2570.7750141989 66.3623030642 114.0797729492 -0.0480920000 2.0833199215 0.5448503268 
1267709980397663488 49.0230140434 8.3961042774 114.0883407593 -2570.7774576727 66.3597772773 114.0883407593 -0.0481220000 2.0833749215 0.5447473268 
1267709980503008256 49.0230140079 8.3961042384 114.1001586914 -2570.7803401669 66.3558509545 114.1001586914 -0.0481020000 2.0833689215 0.5447063268 
1267709980608168448 49.0230139773 8.3961042076 114.1094970703 -2570.7826187308 66.3524689693 114.1094970703 -0.0480660000 2.0833139215 0.5446523268 
1267709980713155328 49.0230139385 8.3961041997 114.1217803955 -2570.7832288989 66.3481547479 114.1217803955 -0.0481660000 2.0833909215 0.5445513268 
1267709980818557184 49.0230139216 8.3961041871 114.1308288574 -2570.7841708745 66.3462915188 114.1308288574 -0.0480720000 2.0833519215 0.5446323268 
1267709980924302080 49.0230139066 8.3961041803 114.1408157349 -2570.7846764239 66.3446194176 114.1408157349 -0.0481010000 2.0834189215 0.5445863268 
1267709981028713728 49.0230138702 8.3961041632 114.1492538452 -2570.7859639799 66.3405890958 114.1492538452 -0.0481380000 2.0833249215 0.5445033268 
1267709981133399552 49.0230138229 8.3961041350 114.1615982056 -2570.7880613901 66.3353487123 114.1615982056 -0.0481140000 2.0833809215 0.5444643268 
1267709981238580992 49.0230137933 8.3961041151 114.1709442139 -2570.7895414651 66.3320614221 114.1709442139 -0.0481440000 2.0833909215 0.5443693268 
1267709981343697920 49.0230137729 8.3961040895 114.1828994751 -2570.7914365654 66.3298094776 114.1828994751 -0.0481560000 2.0833329215 0.5443573268 
1267709981448716800 49.0230137510 8.3961040620 114.1912384033 -2570.7934666539 66.3273962075 114.1912384033 -0.0482030000 2.0833609215 0.5443103268 
1267709981553696000 49.0230136999 8.3961040383 114.2036819458 -2570.7952416905 66.3217257308 114.2036819458 -0.0481690000 2.0833709215 0.5442513268 
1267709981659325440 49.0230136668 8.3961040241 114.2130661011 -2570.7963079448 66.3180541648 114.2130661011 -0.0481900000 2.0833819215 0.5442803268 
1267709981764367360 49.0230136385 8.3961040302 114.2253646851 -2570.7958899279 66.3149035657 114.2253646851 -0.0481840000 2.0833929215 0.5442383268 
1267709981869028096 49.0230136174 8.3961040310 114.2337570190 -2570.7958485915 66.3125655167 114.2337570190 -0.0482280000 2.0833679215 0.5442213268 
1267709981974480128 49.0230135721 8.3961040319 114.2444915771 -2570.7958254230 66.3075300176 114.2444915771 -0.0481930000 2.0834239215 0.5441893268 
1267709982079203584 49.0230135252 8.3961040266 114.2538986206 -2570.7962503955 66.3023149669 114.2538986206 -0.0481930000 2.0833579215 0.5440873268 
1267709982184652288 49.0230134596 8.3961040312 114.2662582397 -2570.7959765169 66.2950141747 114.2662582397 -0.0482420000 2.0834289215 0.5440893268 
1267709982289451520 49.0230133870 8.3961040403 114.2757186890 -2570.7953735936 66.2869413076 114.2757186890 -0.0482600000 2.0833559215 0.5441313268 
1267709982394491392 49.0230133145 8.3961040505 114.2867202759 -2570.7946938501 66.2788769323 114.2867202759 -0.0482980000 2.0833789215 0.5440823268 
1267709982499638528 49.0230132718 8.3961040428 114.2955169678 -2570.7952911239 66.2741313642 114.2955169678 -0.0483190000 2.0833689215 0.5440273268 
1267709982605059584 49.0230132184 8.3961040434 114.3080520630 -2570.7952944703 66.2681944631 114.3080520630 -0.0482980000 2.0833789215 0.5440473268 
1267709982709622528 49.0230131813 8.3961040469 114.3175201416 -2570.7950730543 66.2640685607 114.3175201416 -0.0483370000 2.0834039215 0.5439743268 
1267709982816856320 49.0230131357 8.3961040674 114.3295745850 -2570.7936135159 66.2589949947 114.3295745850 -0.0483730000 2.0834419215 0.5440133268 
1267709982922353408 49.0230131122 8.3961040969 114.3393859863 -2570.7914808981 66.2563612992 114.3393859863 -0.0483420000 2.0834619215 0.5440323268 
1267709983027457536 49.0230130565 8.3961041034 114.3489151001 -2570.7910485106 66.2501626657 114.3489151001 -0.0484050000 2.0834569215 0.5439463268 
1267709983131105792 49.0230129755 8.3961041249 114.3614807129 -2570.7895516069 66.2411519317 114.3614807129 -0.0483750000 2.0834149215 0.5440083268 
1267709983235498240 49.0230129266 8.3961041414 114.3710250854 -2570.7883905185 66.2357098907 114.3710250854 -0.0484490000 2.0834919215 0.5439303268 
1267709983340236032 49.0230128742 8.3961041757 114.3836746216 -2570.7859251016 66.2298614001 114.3836746216 -0.0484430000 2.0834099215 0.5439383268 
1267709983447570176 49.0230128222 8.3961041960 114.3932571411 -2570.7844877593 66.2240638649 114.3932571411 -0.0484530000 2.0834409215 0.5438793268 
1267709983550556672 49.0230127336 8.3961042147 114.4059448242 -2570.7832005591 66.2142113913 114.4059448242 -0.0485280000 2.0834479215 0.5438493268 
1267709983655408128 49.0230126852 8.3961042149 114.4155654907 -2570.7832310928 66.2088261377 114.4155654907 -0.0484870000 2.0834859215 0.5437863268 
1267709983760588544 49.0230126397 8.3961042162 114.4282989502 -2570.7831761381 66.2037714580 114.4282989502 -0.0485170000 2.0834789215 0.5437583268 
1267709983866006272 49.0230125971 8.3961042234 114.4378280640 -2570.7826883136 66.1990302512 114.4378280640 -0.0485060000 2.0834489215 0.5437503268 
1267709983970943232 49.0230125386 8.3961042261 114.4493865967 -2570.7825420885 66.1925190808 114.4493865967 -0.0485390000 2.0834639215 0.5437363268 
1267709984074854912 49.0230124902 8.3961042151 114.4590606689 -2570.7833847562 66.1871452909 114.4590606689 -0.0485560000 2.0834459215 0.5436793268 
1267709984180962560 49.0230124440 8.3961042150 114.4717864990 -2570.7834372953 66.1820173413 114.4717864990 -0.0485600000 2.0835019215 0.5437353268 
1267709984286258688 49.0230124435 8.3961042108 114.4803466797 -2570.7837447351 66.1819613483 114.4803466797 -0.0485240000 2.0835099215 0.5437013268 
1267709984391186688 49.0230124387 8.3961042039 114.4904632568 -2570.7842492340 66.1814281922 114.4904632568 -0.0485190000 2.0834879215 0.5437583268 
1267709984496335360 49.0230123877 8.3961041878 114.5001373291 -2570.7854734444 66.1757705286 114.5001373291 -0.0485510000 2.0835009215 0.5437163268 
1267709984601743872 49.0230123292 8.3961041602 114.5128707886 -2570.7875395287 66.1692783032 114.5128707886 -0.0485120000 2.0834739215 0.5436893268 
1267709984706568704 49.0230122836 8.3961041533 114.5224914551 -2570.7880913729 66.1642178670 114.5224914551 -0.0485780000 2.0835549215 0.5436893268 
1267709984811596544 49.0230122380 8.3961041525 114.5322113037 -2570.7881831407 66.1591454865 114.5322113037 -0.0485270000 2.0834899215 0.5436453268 
1267709984916653824 49.0230122051 8.3961041562 114.5441513062 -2570.7879464246 66.1554914331 114.5441513062 -0.0485570000 2.0835079215 0.5436183268 
1267709985021417984 49.0230121332 8.3961041536 114.5563888550 -2570.7881993584 66.1474981625 114.5563888550 -0.0485720000 2.0835229215 0.5436663268 
1267709985127052800 49.0230120766 8.3961041468 114.5660858154 -2570.7887461269 66.1412103325 114.5660858154 -0.0486000000 2.0835379215 0.5435953268 
1267709985231950080 49.0230120337 8.3961041193 114.5787963867 -2570.7907964975 66.1364603685 114.5787963867 -0.0486000000 2.0835419215 0.5436253268 
1267709985336840960 49.0230120131 8.3961040978 114.5866165161 -2570.7923843666 66.1341864802 114.5866165161 -0.0485860000 2.0835299215 0.5436033268 
1267709985442732800 49.0230119933 8.3961040747 114.5947418213 -2570.7940884199 66.1319918009 114.5947418213 -0.0485940000 2.0835149215 0.5435613268 
1267709985547662592 49.0230119811 8.3961040270 114.6042709351 -2570.7975873605 66.1306674890 114.6042709351 -0.0485900000 2.0835439215 0.5436333268 
1267709985652518400 49.0230119953 8.3961039708 114.6138153076 -2570.8016871506 66.1322762230 114.6138153076 -0.0485340000 2.0835429215 0.5436723268 
1267709985758891264 49.0230120194 8.3961039362 114.6188278198 -2570.8041913313 66.1349766441 114.6188278198 -0.0485090000 2.0835889215 0.5435973268 
1267709985863889152 49.0230120512 8.3961039041 114.6245651245 -2570.8065107428 66.1385257775 114.6245651245 -0.0484560000 2.0835679215 0.5436553268 
1267709985969396736 49.0230120587 8.3961038772 114.6303634644 -2570.8084717090 66.1393836876 114.6303634644 -0.0485180000 2.0836359215 0.5436733268 
1267709986072670208 49.0230120325 8.3961038264 114.6426620483 -2570.8122069467 66.1364959581 114.6426620483 -0.0484450000 2.0835579215 0.5436713268 
1267709986180153856 49.0230119996 8.3961037995 114.6520309448 -2570.8142081042 66.1328560654 114.6520309448 -0.0484360000 2.0835579215 0.5437283268 
1267709986284288768 49.0230119653 8.3961037753 114.6616210938 -2570.8160071405 66.1290564705 114.6616210938 -0.0484670000 2.0836709215 0.5438063268 
1267709986388480512 49.0230119594 8.3961037683 114.6652832031 -2570.8165193094 66.1284075994 114.6652832031 -0.0484340000 2.0836619215 0.5437773268 
1267709986493802240 49.0230119297 8.3961037402 114.6754074097 -2570.8186004887 66.1251191432 114.6754074097 -0.0484210000 2.0837149215 0.5438513268 
1267709986598770944 49.0230119157 8.3961037213 114.6826248169 -2570.8199982447 66.1235729847 114.6826248169 -0.0484330000 2.0836989215 0.5439073268 
1267709986703432704 49.0230119076 8.3961037100 114.6892166138 -2570.8208303573 66.1226763921 114.6892166138 -0.0484280000 2.0836969215 0.5438393268 
1267709986807424512 49.0230119092 8.3961037019 114.6930084229 -2570.8214179652 66.1228639893 114.6930084229 -0.0484030000 2.0837389215 0.5439143268 
1267709986915666688 49.0230118880 8.3961037046 114.6998214722 -2570.8212398210 66.1204978740 114.6998214722 -0.0483650000 2.0837319215 0.5439653268 
1267709987018571264 49.0230118482 8.3961036924 114.7075042725 -2570.8221707379 66.1160899121 114.7075042725 -0.0484430000 2.0837969215 0.5440193268 
1267709987123389696 49.0230118069 8.3961036660 114.7180328369 -2570.8241356805 66.1115125008 114.7180328369 -0.0484130000 2.0837359215 0.5440383268 
1267709987230403840 49.0230117873 8.3961036516 114.7240982056 -2570.8252066035 66.1093411893 114.7240982056 -0.0484130000 2.0837459215 0.5440233268 
1267709987334617600 49.0230117749 8.3961036275 114.7302703857 -2570.8269745418 66.1079702321 114.7302703857 -0.0483990000 2.0836959215 0.5440243268 
1267709987439665408 49.0230117807 8.3961036149 114.7353134155 -2570.8278952133 66.1086280085 114.7353134155 -0.0483000000 2.0834499215 0.5440173268 
1267709987543812864 49.0230117901 8.3961036245 114.7425537109 -2570.8271854593 66.1096702693 114.7425537109 -0.0481960000 2.0829259215 0.5441793268 
1267709987651299328 49.0230118158 8.3961037066 114.7478866577 -2570.8211565635 66.1124765724 114.7478866577 -0.0481240000 2.0824629215 0.5440563268 
1267709987754148608 49.0230118562 8.3961038183 114.7547531128 -2570.8129594632 66.1169004552 114.7547531128 -0.0481090000 2.0824569215 0.5440003268 
1267709987858925824 49.0230119110 8.3961039837 114.7601776123 -2570.8008143045 66.1228940161 114.7601776123 -0.0481220000 2.0825429215 0.5440793268 
1267709987963977728 49.0230119445 8.3961042027 114.7697143555 -2570.7847775499 66.1264920495 114.7697143555 -0.0481820000 2.0825659215 0.5440823268 
1267709988071771392 49.0230119876 8.3961044706 114.7789688110 -2570.7651492885 66.1311274078 114.7789688110 -0.0482320000 2.0826639215 0.5439863268 
1267709988176891392 49.0230120266 8.3961047559 114.7899856567 -2570.7442601984 66.1352997981 114.7899856567 -0.0482760000 2.0826599215 0.5439563268 
1267709988279395328 49.0230121263 8.3961051182 114.7956008911 -2570.7176836116 66.1461759433 114.7956008911 -0.0482050000 2.0827129215 0.5440063268 
1267709988384516096 49.0230122133 8.3961054836 114.8011703491 -2570.6908916172 66.1556334617 114.8011703491 -0.0482480000 2.0827979215 0.5438823268 
1267709988492134400 49.0230123310 8.3961059250 114.8086929321 -2570.6585209034 66.1684566438 114.8086929321 -0.0482580000 2.0828539215 0.5438603268 
1267709988594341888 49.0230124156 8.3961063597 114.8194961548 -2570.6266681142 66.1776042469 114.8194961548 -0.0482780000 2.0828949215 0.5438233268 
1267709988698306816 49.0230125566 8.3961068435 114.8260040283 -2570.5911729251 66.1930020265 114.8260040283 -0.0481450000 2.0830099215 0.5436783268 
1267709988804901888 49.0230127197 8.3961074354 114.8327636719 -2570.5477546222 66.2107873233 114.8327636719 -0.0481380000 2.0830789215 0.5436143268 
1267709988909856000 49.0230129240 8.3961080835 114.8375854492 -2570.5001883080 66.2331221327 114.8375854492 -0.0481150000 2.0829909215 0.5435183268 
1267709989014600704 49.0230130892 8.3961087006 114.8474502563 -2570.4549280813 66.2511222931 114.8474502563 -0.0480520000 2.0830099215 0.5433923268 
1267709989119407360 49.0230133201 8.3961094394 114.8555374146 -2570.4007139407 66.2763609700 114.8555374146 -0.0480160000 2.0829939215 0.5434423268 
1267709989229117440 49.0230135627 8.3961102191 114.8641204834 -2570.3434938190 66.3028820902 114.8641204834 -0.0481010000 2.0829009215 0.5434823268 
1267709989330131712 49.0230138168 8.3961109619 114.8696136475 -2570.2889689943 66.3306924254 114.8696136475 -0.0481060000 2.0829999215 0.5433653268 
1267709989434845952 49.0230140743 8.3961117405 114.8760833740 -2570.2318182763 66.3588678855 114.8760833740 -0.0478300000 2.0829719215 0.5432163268 
1267709989540026624 49.0230143984 8.3961126323 114.8816452026 -2570.1663298165 66.3943739366 114.8816452026 -0.0473390000 2.0828949215 0.5432183268 
1267709989645584384 49.0230146773 8.3961134569 114.8899078369 -2570.1058030936 66.4249064960 114.8899078369 -0.0471450000 2.0828159215 0.5432443268 
1267709989754652928 49.0230150348 8.3961144368 114.8952484131 -2570.0338452748 66.4640729465 114.8952484131 -0.0473060000 2.0826459215 0.5431393268 
1267709989855005184 49.0230153844 8.3961153795 114.8993759155 -2569.9646164226 66.5023842622 114.8993759155 -0.0474740000 2.0823659215 0.5430453268 
1267709989960582656 49.0230158086 8.3961164849 114.9005889893 -2569.8834303783 66.5488969032 114.9005889893 -0.0476240000 2.0816829215 0.5430503268 
1267709990067425536 49.0230161830 8.3961175477 114.9092178345 -2569.8053955730 66.5899008168 114.9092178345 -0.0477920000 2.0802159215 0.5429713268 
1267709990172815360 49.0230166701 8.3961189015 114.9136810303 -2569.7059914832 66.6432685954 114.9136810303 -0.0481620000 2.0777879215 0.5429063268 
1267709990275226112 49.0230172054 8.3961203320 114.9205017090 -2569.6009389729 66.7019367823 114.9205017090 -0.0482020000 2.0753279215 0.5427643268 
1267709990381405952 49.0230178827 8.3961221224 114.9250106812 -2569.4694433827 66.7761849221 114.9250106812 -0.0481120000 2.0737239215 0.5425843268 
1267709990485768192 49.0230185482 8.3961239460 114.9352722168 -2569.3355379755 66.8491071360 114.9352722168 -0.0477100000 2.0732129215 0.5423333268 
1267709990590817792 49.0230193842 8.3961261708 114.9444808960 -2569.1721466177 66.9407482082 114.9444808960 -0.0468860000 2.0731089215 0.5422363268 
1267709990694537984 49.0230201936 8.3961283793 114.9560317993 -2569.0099709524 67.0294348989 114.9560317993 -0.0461420000 2.0729799215 0.5420603268 
1267709990800633344 49.0230211985 8.3961310197 114.9635620117 -2568.8160425041 67.1396089979 114.9635620117 -0.0456680000 2.0737379215 0.5423753268 
1267709990903688704 49.0230222052 8.3961335889 114.9709854126 -2568.6273290807 67.2500253106 114.9709854126 -0.0454430000 2.0755599215 0.5426943268 
1267709991010587904 49.0230233521 8.3961366194 114.9795761108 -2568.4047596137 67.3757600999 114.9795761108 -0.0454140000 2.0768029215 0.5430903268 
1267709991115523072 49.0230244051 8.3961395239 114.9916992188 -2568.1914827433 67.4911271390 114.9916992188 -0.0449410000 2.0767419215 0.5431633268 
1267709991224090368 49.0230256913 8.3961429389 115.0007095337 -2567.9406794873 67.6321196370 115.0007095337 -0.0442200000 2.0766109215 0.5435143268 
1267709991324428288 49.0230268703 8.3961462182 115.0106658936 -2567.6998961333 67.7612743061 115.0106658936 -0.0436530000 2.0766609215 0.5438843268 
1267709991432457472 49.0230282821 8.3961500009 115.0180664062 -2567.4220983002 67.9160183026 115.0180664062 -0.0432230000 2.0768139215 0.5441793268 
1267709991535308288 49.0230296273 8.3961536440 115.0287551880 -2567.1545706716 68.0634388821 115.0287551880 -0.0436250000 2.0762459215 0.5446113268 
1267709991640841216 49.0230312300 8.3961578721 115.0351104736 -2566.8440384013 68.2391443662 115.0351104736 -0.0432730000 2.0759079215 0.5448383268 
1267709991745766656 49.0230327330 8.3961618844 115.0433883667 -2566.5493808966 68.4038926028 115.0433883667 -0.0426710000 2.0763109215 0.5448833268 
1267709991850437120 49.0230344728 8.3961665091 115.0494461060 -2566.2097378313 68.5946055194 115.0494461060 -0.0415600000 2.0746739215 0.5451053268 
1267709991954395648 49.0230361046 8.3961708737 115.0570373535 -2565.8892025432 68.7734662965 115.0570373535 -0.0410780000 2.0734259215 0.5453373268 
1267709992063719936 49.0230380063 8.3961758446 115.0635757446 -2565.5241070253 68.9819715172 115.0635757446 -0.0405900000 2.0734679215 0.5453073268 
1267709992794367744 49.0230523612 8.3962138599 115.1133270264 -2562.7321820819 70.5556202848 115.1133270264 -0.0394780000 2.0735749215 0.5419473268 
1267709992900619008 49.0230547722 8.3962202978 115.1228408813 -2562.2593850665 70.8198968088 115.1228408813 -0.0385840000 2.0736429215 0.5414823268 
1267709993005925632 49.0230569863 8.3962263094 115.1367492676 -2561.8179299548 71.0625287425 115.1367492676 -0.0377230000 2.0733609215 0.5410023268 
1267709993110659584 49.0230595314 8.3962331261 115.1449050903 -2561.3173234441 71.3414844992 115.1449050903 -0.0368850000 2.0734839215 0.5407573268 
1267709993215737344 49.0230618864 8.3962394416 115.1558380127 -2560.8535228900 71.5996096088 115.1558380127 -0.0369860000 2.0745579215 0.5404363268 
1267709993320788992 49.0230645881 8.3962464934 115.1627655029 -2560.3355946384 71.8958417261 115.1627655029 -0.0368610000 2.0750459215 0.5399723268 
1267709993428043264 49.0230670614 8.3962529399 115.1707839966 -2559.8621105306 72.1670295913 115.1707839966 -0.0368380000 2.0763319215 0.5396723268 
1267709993532260608 49.0230697669 8.3962600481 115.1796340942 -2559.3400549046 72.4636599934 115.1796340942 -0.0362610000 2.0784299215 0.5394713268 
1267709993639739136 49.0230724750 8.3962671577 115.1882324219 -2558.8178900516 72.7605641177 115.1882324219 -0.0362980000 2.0800489215 0.5393363268 
1267709993741403392 49.0230749349 8.3962736173 115.1935958862 -2558.3434613029 73.0302632870 115.1935958862 -0.0368200000 2.0807699215 0.5393773268 
1267709993845622016 49.0230774125 8.3962800918 115.1949234009 -2557.8679322627 73.3019171292 115.1949234009 -0.0375900000 2.0809239215 0.5396813268 
1267709993951263488 49.0230801443 8.3962872177 115.1939926147 -2557.3445539201 73.6014530743 115.1939926147 -0.0380160000 2.0809339215 0.5398813268 
1267709994059013120 49.0230829350 8.3962943783 115.1902847290 -2556.8185864537 73.9075155174 115.1902847290 -0.0376880000 2.0810189215 0.5402733268 
1267709994161287424 49.0230854910 8.3963009019 115.1872100830 -2556.3393978048 74.1878652219 115.1872100830 -0.0376710000 2.0808709215 0.5406543268 
1267709994268851968 49.0230883123 8.3963081074 115.1823425293 -2555.8101236289 74.4973054715 115.1823425293 -0.0381250000 2.0807359215 0.5410133268 
1267709994371165952 49.0230908966 8.3963146659 115.1779937744 -2555.3283607535 74.7807750981 115.1779937744 -0.0394440000 2.0812349215 0.5412243268 
1267709994479050752 49.0230937760 8.3963219150 115.1722183228 -2554.7958488179 75.0966409612 115.1722183228 -0.0399980000 2.0813079215 0.5414493268 
1267709994581276672 49.0230963890 8.3963285241 115.1686477661 -2554.3103563802 75.3832771899 115.1686477661 -0.0394240000 2.0809669215 0.5415833268 
1267709994686888704 49.0230990282 8.3963351734 115.1647262573 -2553.8219011713 75.6727897450 115.1647262573 -0.0391930000 2.0806379215 0.5417723268 
1267709994791768320 49.0231018782 8.3963425325 115.1647949219 -2553.2813770953 75.9853377100 115.1647949219 -0.0403510000 2.0803159215 0.5421193268 
1267709994896303872 49.0231044756 8.3963493020 115.1637725830 -2552.7841689793 76.2701357957 115.1637725830 -0.0415990000 2.0791029215 0.5425093268 
1267709995001779712 49.0231073577 8.3963567641 115.1649169922 -2552.2360804352 76.5861860551 115.1649169922 -0.0425100000 2.0779669215 0.5428163268 
1267709995106323712 49.0231099772 8.3963636169 115.1685485840 -2551.7327690549 76.8733937275 115.1685485840 -0.0423510000 2.0775109215 0.5430813268 
1267709995211709696 49.0231128660 8.3963712173 115.1728591919 -2551.1745663607 77.1901039509 115.1728591919 -0.0419690000 2.0760759215 0.5435553268 
1267709995315109120 49.0231155299 8.3963781934 115.1785049438 -2550.6622017802 77.4821810424 115.1785049438 -0.0424080000 2.0755349215 0.5438613268 
1267709995420413952 49.0231185149 8.3963859390 115.1842956543 -2550.0932958729 77.8095115740 115.1842956543 -0.0439320000 2.0761029215 0.5440873268 
1267709995526669056 49.0231212707 8.3963930688 115.1936492920 -2549.5696126960 78.1117114211 115.1936492920 -0.0448670000 2.0758399215 0.5443263268 
1267709995631544064 49.0231243476 8.3964010056 115.2009201050 -2548.9866469073 78.4491355140 115.2009201050 -0.0450340000 2.0746879215 0.5441063268 
1267709995736576768 49.0231271960 8.3964083004 115.2101745605 -2548.4508195049 78.7615354676 115.2101745605 -0.0444200000 2.0739389215 0.5439633268 
1267709995841940480 49.0231303594 8.3964164596 115.2184906006 -2547.8515168591 79.1084516970 115.2184906006 -0.0434370000 2.0725859215 0.5436273268 
1267709995946900224 49.0231332788 8.3964240079 115.2282485962 -2547.2970953543 79.4285978694 115.2282485962 -0.0425100000 -0.0014260000 0.5426293268 
1267709996051790592 49.0231365383 8.3964324587 115.2363510132 -2546.6763952067 79.7860314278 115.2363510132 -0.0410990000 -0.0021540000 0.5409613268 
1267709996157349376 49.0231395782 8.3964402974 115.2414779663 -2546.1006333567 80.1193934092 115.2414779663 -0.0392080000 -0.0024430000 0.5396153268 
1267709996262065152 49.0231429666 8.3964490532 115.2463226318 -2545.4575149738 80.4909763308 115.2463226318 -0.0361320000 -0.0022010000 0.5380753268 
1267709996367662080 49.0231460951 8.3964571497 115.2523803711 -2544.8628358967 80.8340503899 115.2523803711 -0.0336310000 -0.0018410000 0.5364563268 
1267709996475634944 49.0231495637 8.3964662092 115.2598953247 -2544.1974404711 81.2143640192 115.2598953247 -0.0316830000 -0.0009960000 0.5346353268 
1267709996577030400 49.0231527654 8.3964745962 115.2695312500 -2543.5814563962 81.5654090457 115.2695312500 -0.0307820000 -0.0013960000 0.5330223268 
1267709996682420992 49.0231563416 8.3964840074 115.2769622803 -2542.8902571069 81.9574814625 115.2769622803 -0.0284830000 -0.0028570000 0.5310793268 
1267709996787846144 49.0231599753 8.3964936127 115.2821273804 -2542.1848239959 82.3558444483 115.2821273804 -0.0263380000 -0.0056350000 0.5294143268 
1267709996892890368 49.0231633399 8.3965025086 115.2886276245 -2541.5314844922 82.7246981207 115.2886276245 -0.0271230000 -0.0074840000 0.5279373268 
1267709996997616384 49.0231667385 8.3965115734 115.2984313965 -2540.8657759360 83.0972285969 115.2984313965 -0.0264160000 -0.0090300000 0.5267373268 
1267709997102977024 49.0231705620 8.3965216782 115.3119888306 -2540.1236502495 83.5163920335 115.3119888306 -0.0260440000 -0.0090920000 0.5249333268 
1267709997206382080 49.0231741162 8.3965310521 115.3221206665 -2539.4351993967 83.9060434820 115.3221206665 -0.0257160000 -0.0089490000 0.5234953268 
1267709997312549120 49.0231780028 8.3965415392 115.3360977173 -2538.6650724855 84.3320014682 115.3360977173 -0.0247880000 -0.0067000000 0.5220103268 
1267709997417936128 49.0231819723 8.3965522325 115.3543167114 -2537.8797988275 84.7670511529 115.3543167114 -0.0234050000 -0.0055960000 0.5201953268 
1267709997522972672 49.0231856380 8.3965621627 115.3654785156 -2537.1505806266 85.1687830780 115.3654785156 -0.0225550000 -0.0084810000 0.5188293268 
1267709997627882496 49.0231897432 8.3965732591 115.3729782104 -2536.3357173211 85.6186844101 115.3729782104 -0.0223720000 -0.0127550000 0.5172503268 
1267709997732677376 49.0231934764 8.3965834592 115.3836746216 -2535.5867072330 86.0277543655 115.3836746216 -0.0216090000 -0.0141840000 0.5155513268 
1267709997837817344 49.0231975630 8.3965947286 115.4069595337 -2534.7592156844 86.4754866529 115.4069595337 -0.0191770000 -0.0102280000 0.5138403268 
1267709997942794240 49.0232013209 8.3966050563 115.4271926880 -2534.0008544498 86.8872327041 115.4271926880 -0.0180980000 -0.0050340000 0.5122453268 
1267709998047960576 49.0232055157 8.3966165682 115.4381713867 -2533.1555335244 87.3468490206 115.4381713867 -0.0144280000 -0.0006770000 0.5108143268 
1267709998153202688 49.0232093224 8.3966271640 115.4460754395 -2532.3775361824 87.7638638392 115.4460754395 -0.0105370000 -0.0005910000 0.5089873268 
1267709998258195456 49.0232135437 8.3966389167 115.4522247314 -2531.5145873521 88.2262992822 115.4522247314 -0.0105000000 -0.0050170000 0.5073223268 
1267709998362777856 49.0232173932 8.3966497093 115.4553680420 -2530.7221582822 88.6479540337 115.4553680420 -0.0097670000 -0.0108180000 0.5057763268 
1267709998468473088 49.0232216350 8.3966616208 115.4693984985 -2529.8475847424 89.1125691338 115.4693984985 -0.0073570000 -0.0102190000 0.5040903268 
1267709998572908800 49.0232255038 8.3966725238 115.4902038574 -2529.0470705327 89.5363025675 115.4902038574 -0.0058970000 -0.0068810000 0.5025293268 
1267709998678334208 49.0232298110 8.3966846234 115.5082778931 -2528.1586828135 90.0080809547 115.5082778931 -0.0092620000 -0.0079050000 0.5005223268 
1267709998783134720 49.0232337189 8.3966957415 115.5193328857 -2527.3424127894 90.4360353444 115.5193328857 -0.0095750000 -0.0093620000 0.4978803268 
1267709998888285952 49.0232379997 8.3967080362 115.5377807617 -2526.4397846721 90.9047694933 115.5377807617 -0.0035710000 -0.0044210000 0.4945723268 
1267709998993413120 49.0232419156 8.3967192729 115.5575103760 -2525.6148314995 91.3335496290 115.5575103760 -0.0015750000 2.0739969215 0.4911033268 
1267709999098582272 49.0232462775 8.3967318448 115.5648117065 -2524.6918742307 91.8111312781 115.5648117065 -0.0069230000 2.0723489215 0.4880223268 
1267709999203722752 49.0232503126 8.3967434546 115.5646514893 -2523.8395438840 92.2529403251 115.5646514893 -0.0108050000 -0.0072040000 0.4854913268 
1267709999308342016 49.0232547028 8.3967562811 115.5709533691 -2522.8979434655 92.7335298732 115.5709533691 -0.0150210000 -0.0063000000 0.4835923268 
1267709999413686016 49.0232586240 8.3967679888 115.5845260620 -2522.0385523979 93.1626280695 115.5845260620 -0.0180560000 2.0737339215 0.4819703268 
1267709999519588352 49.0232629533 8.3967809948 115.5919570923 -2521.0838822847 93.6363302860 115.5919570923 -0.0191290000 2.0851079215 0.4806673268 
1267709999623883520 49.0232669424 8.3967929650 115.5869827271 -2520.2052439282 94.0728187012 115.5869827271 -0.0163110000 2.0910189215 0.4788213268 
1267709999729143296 49.0232713523 8.3968062778 115.5759277344 -2519.2280796226 94.5553084193 115.5759277344 -0.0127510000 2.0920449215 0.4767053268 
1267709999834279936 49.0232754103 8.3968185399 115.5633087158 -2518.3280324685 94.9992964705 115.5633087158 -0.0107950000 2.0894459215 0.4752183268 
1267709999939376128 49.0232798891 8.3968321870 115.5564270020 -2517.3263715443 95.4892481230 115.5564270020 -0.0116830000 2.0917959215 0.4751693268 
1267710000044331008 49.0232840166 8.3968447422 115.5544891357 -2516.4048379970 95.9407862043 115.5544891357 -0.0147760000 2.0945599215 0.4753353268 
1267710000149187584 49.0232886068 8.3968587506 115.5373229980 -2515.3766581980 96.4429111658 115.5373229980 -0.0210360000 2.0895639215 0.4751073268 
1267710000254472192 49.0232928231 8.3968716500 115.5177230835 -2514.4298871229 96.9041285561 115.5177230835 -0.0212210000 2.0821119215 0.4742413268 
1267710000359746048 49.0232974852 8.3968859100 115.5103149414 -2513.3832492024 97.4140966190 115.5103149414 -0.0197010000 2.0810039215 0.4722863268 
1267710000465938944 49.0233017475 8.3968990379 115.5088729858 -2512.4197279335 97.8802949935 115.5088729858 -0.0181530000 2.0829059215 0.4704793268 
1267710000570045696 49.0233064673 8.3969136561 115.4947891235 -2511.3468568051 98.3964787796 115.4947891235 -0.0203780000 2.0851779215 0.4685573268 
1267710000674330112 49.0233107848 8.3969271179 115.4817657471 -2510.3588766202 98.8686027862 115.4817657471 -0.0198250000 2.0886319215 0.4672563268 
1267710000779912704 49.0233155892 8.3969421004 115.4628677368 -2509.2592974035 99.3939875616 115.4628677368 -0.0181960000 2.0898299215 0.4658933268 
1267710000884855808 49.0233200298 8.3969558773 115.4429931641 -2508.2481769515 99.8796213390 115.4429931641 -0.0181170000 2.0895479215 0.4639013268 
1267710000992573952 49.0233249379 8.3969712090 115.4215240479 -2507.1229743821 100.4163221940 115.4215240479 -0.0154780000 2.0889109215 0.4617893268 
1267710001095132928 49.0233294338 8.3969852779 115.4058837891 -2506.0904554414 100.9079308733 115.4058837891 -0.0152330000 2.0894629215 0.4609233268 
1267710001200624128 49.0233344050 8.3970009259 115.3889541626 -2504.9420693798 101.4514699727 115.3889541626 -0.0157030000 2.0905449215 0.4615923268 
1267710001304205056 49.0233389675 8.3970152468 115.3712463379 -2503.8910747863 101.9503314411 115.3712463379 -0.0167690000 2.0908649215 0.4618803268 
1267710001409153792 49.0233440314 8.3970310366 115.3505401611 -2502.7322412325 102.5040952079 115.3505401611 -0.0183360000 2.0937009215 0.4619143268 
1267710001515388928 49.0233486349 8.3970454480 115.3366088867 -2501.6745954533 103.0074695852 115.3366088867 -0.0172440000 2.0967489215 0.4625163268 
1267710001620536576 49.0233537668 8.3970613118 115.3242721558 -2500.5102945299 103.5687357895 115.3242721558 -0.0211700000 2.0992599215 0.4627083268 
1267710001725567232 49.0233583734 8.3970757605 115.3107223511 -2499.4499134662 104.0724337287 115.3107223511 -0.0233240000 2.1030579215 0.4620383268 
1267710001830552832 49.0233634197 8.3970916866 115.2933349609 -2498.2811334447 104.6241574371 115.2933349609 -0.0260570000 2.1049589215 0.4606603268 
1267710001935694592 49.0233680173 8.3971062258 115.2642211914 -2497.2141420975 105.1268033991 115.2642211914 -0.0317590000 2.0986209215 0.4599673268 
1267710002040723968 49.0233730520 8.3971222614 115.2369766235 -2496.0373740176 105.6771773351 115.2369766235 -0.0370830000 2.0937509215 0.4595033268 
1267710002146097920 49.0233776292 8.3971368410 115.2220687866 -2494.9674496982 106.1775352731 115.2220687866 -0.0382140000 2.0923459215 0.4587593268 
1267710002250794496 49.0233826796 8.3971528705 115.2090759277 -2493.7911055530 106.7296529720 115.2090759277 -0.0385760000 2.0928409215 0.4575253268 
1267710002356240640 49.0233872632 8.3971674490 115.2002792358 -2492.7212628066 107.2307210499 115.2002792358 -0.0362240000 2.0959819215 0.4563253268 
1267710002464407040 49.0233923440 8.3971835211 115.1869277954 -2491.5417812794 107.7861957978 115.1869277954 -0.0368740000 2.0962629215 0.4549143268 
1267710002566011648 49.0233969411 8.3971981664 115.1731948853 -2490.4670340379 108.2887213659 115.1731948853 -0.0378520000 2.0942919215 0.4539753268 
1267710002671331072 49.0234019800 8.3972142815 115.1580657959 -2489.2844451537 108.8395076161 115.1580657959 -0.0399030000 2.0913659215 0.4530253268 
1267710002776314112 49.0234065422 8.3972289486 115.1492843628 -2488.2081407944 109.3381514819 115.1492843628 -0.0404470000 2.0900549215 0.4519723268 
1267710002881428480 49.0234115157 8.3972450739 115.1410675049 -2487.0248672425 109.8816605285 115.1410675049 -0.0406380000 2.0916149215 0.4507753268 
1267710002986771200 49.0234164843 8.3972612421 115.1328811646 -2485.8384585640 110.4246110478 115.1328811646 -0.0402820000 2.0937329215 0.4495543268 
1267710003091389952 49.0234210224 8.3972759920 115.1206359863 -2484.7561217256 110.9205258209 115.1206359863 -0.0399190000 2.0940819215 0.4483813268 
1267710003196425984 49.0234255570 8.3972907969 115.1065750122 -2483.6697709344 111.4160211459 115.1065750122 -0.0399810000 2.0948179215 0.4474213268 
1267710003301543680 49.0234305913 8.3973071814 115.0937957764 -2482.4674914367 111.9661420304 115.0937957764 -0.0390740000 2.0948719215 0.4462693268 
1267710003406765312 49.0234356468 8.3973236821 115.0780029297 -2481.2566999134 112.5185582750 115.0780029297 -0.0371420000 2.0921739215 0.4437973268 
1267710003511968768 49.0234402654 8.3973388027 115.0679244995 -2480.1471914491 113.0232007839 115.0679244995 -0.0325270000 2.0893059215 0.4388063268 
1267710003617115904 49.0234453531 8.3973555201 115.0637130737 -2478.9205344110 113.5790634137 115.0637130737 -0.0287920000 2.0880659215 0.4314153268 
1267710003722461440 49.0234499209 8.3973708173 115.0590896606 -2477.7981587662 114.0779706594 115.0590896606 -0.0285890000 2.0892639215 0.4256633268 
1267710003827055616 49.0234548972 8.3973877774 115.0555953979 -2476.5538509671 114.6213060059 115.0555953979 -0.0303900000 2.0906479215 0.4211653268 
1267710003932069632 49.0234593635 8.3974033201 115.0486145020 -2475.4136172767 115.1087797759 115.0486145020 -0.0326930000 2.0885209215 0.4182453268 
1267710004037189376 49.0234643015 8.3974205390 115.0422897339 -2474.1504259713 115.6477201348 115.0422897339 -0.0339230000 2.0849699215 0.4153723268 
1267710004141876480 49.0234687678 8.3974362432 115.0402145386 -2472.9983866472 116.1350934878 115.0402145386 -0.0331690000 2.0841419215 0.4129373268 
1267710004247382528 49.0234736911 8.3974535407 115.0465469360 -2471.7294656007 116.6723527778 115.0465469360 -0.0324620000 2.0861219215 0.4107383268 
1267710004352102400 49.0234781178 8.3974693166 115.0501937866 -2470.5722188429 117.1552964980 115.0501937866 -0.0326270000 2.0883299215 0.4091453268 
1267710004460400640 49.0234829947 8.3974867282 115.0520935059 -2469.2949964572 117.6873235097 115.0520935059 -0.0326770000 2.0890009215 0.4078933268 
1267710004562360320 49.0234874138 8.3975025930 115.0500106812 -2468.1312584947 118.1693694675 115.0500106812 -0.0323570000 2.0890749215 0.4066593268 
1267710004667117056 49.0234922762 8.3975200388 115.0495681763 -2466.8515490952 118.6997689828 115.0495681763 -0.0319460000 2.0896489215 0.4051293268 
